8 0.092183 0.119469 0.178466 0.230088
8 0.093658 0.382743 0.175516 0.216814
7 0.091445 0.626106 0.182890 0.216814
7 0.092183 0.873894 0.184366 0.225664
6 0.286873 0.126106 0.184366 0.225664
6 0.285398 0.369469 0.181416 0.234513
5 0.285398 0.626106 0.190265 0.243363
5 0.288348 0.878319 0.190265 0.234513
4 0.474926 0.121681 0.171091 0.243362
4 0.476401 0.378319 0.171091 0.234513
3 0.479351 0.634956 0.174041 0.243363
3 0.476401 0.876106 0.165192 0.230088
2 0.656342 0.121681 0.168142 0.225664
2 0.654867 0.371681 0.165192 0.221239
1 0.656342 0.628319 0.168142 0.230088
1 0.656342 0.876106 0.174041 0.221239
0 0.872419 0.738938 0.243363 0.442478
0 0.876844 0.278761 0.246312 0.424779